     REPORTE TARJETAS - PERIODO:

ID-CLI   NOMBRE                   NRO-TARJETA     LIMITE       ACUM-MES     LIQUIDACION  E
------------------------------------------------------------------------------------------------------------------------------------
22345701 LUIS_1                    4555223400000001       3,000.00           0.00           0.00 A
22345702 LUIS_2                    4555223400000002       3,000.00           0.00           0.00 A
22345703 LUIS_3                    4555223400000003       3,000.00           0.00           0.00 A
22345704 LUIS_4                    4555223400000004       3,000.00           0.00           0.00 A
22345705 LUIS_5                    4555223400000005       3,000.00           0.00           0.00 A
22345706 LUIS_6                    4555223400000006       3,000.00           0.00           0.00 A
22345707 LUIS_7                    4555223400000007       3,000.00           0.00           0.00 A
22345708 LUIS_8                    4555223400000008       3,000.00           0.00           0.00 A
22345709 LUIS_9                    4555223400000009       3,000.00           0.00           0.00 A
22345710 LUIS_10                   4555223400000010       3,000.00           0.00           0.00 A
22345711 LUIS_11                   4555223400000011       3,000.00           0.00           0.00 A
22345712 LUIS_12                   4555223400000012       3,000.00           0.00           0.00 A
22345713 LUIS_13                   4555223400000013       3,000.00           0.00           0.00 A
22345714 LUIS_14                   4555223400000014       3,000.00           0.00           0.00 A
22345715 LUIS_15                   4555223400000015       3,000.00           0.00           0.00 A
22345716 LUIS_16                   4555223400000016       3,000.00           0.00           0.00 A
22345717 LUIS_17                   4555223400000017       3,000.00           0.00           0.00 A
22345718 LUIS_18                   4555223400000018       3,000.00           0.00           0.00 A
22345719 LUIS_19                   4555223400000019       3,000.00           0.00           0.00 A
22345720 LUIS_20                   4555223400000020       3,000.00           0.00           0.00 A
22345721 LUIS_21                   4555223400000021       3,000.00           0.00           0.00 A
22345722 LUIS_22                   4555223400000022       3,000.00           0.00           0.00 A
22345723 LUIS_23                   4555223400000023       3,000.00           0.00           0.00 A
22345724 LUIS_24                   4555223400000024       3,000.00           0.00           0.00 A
22345725 LUIS_25                   4555223400000025       3,000.00           0.00           0.00 A
22345726 LUIS_26                   4555223400000026       3,000.00           0.00           0.00 A
22345727 LUIS_27                   4555223400000027       3,000.00           0.00           0.00 A
22345728 LUIS_28                   4555223400000028       3,000.00           0.00           0.00 A
22345729 LUIS_29                   4555223400000029       3,000.00           0.00           0.00 A
22345730 LUIS_30                   4555223400000030       3,000.00           0.00           0.00 A
22345731 LUIS_31                   4555223400000031       3,000.00           0.00           0.00 A
22345732 LUIS_32                   4555223400000032       3,000.00           0.00           0.00 A
22345733 LUIS_33                   4555223400000033       3,000.00           0.00           0.00 A
22345734 LUIS_34                   4555223400000034       3,000.00           0.00           0.00 A
22345735 LUIS_35                   4555223400000035       3,000.00           0.00           0.00 A
22345736 LUIS_36                   4555223400000036       3,000.00           0.00           0.00 A
22345737 LUIS_37                   4555223400000037       3,000.00           0.00           0.00 A
22345738 LUIS_38                   4555223400000038       3,000.00           0.00           0.00 A
22345739 LUIS_39                   4555223400000039       3,000.00           0.00           0.00 A
22345740 LUIS_40                   4555223400000040       3,000.00           0.00           0.00 A
22345741 LUIS_41                   4555223400000041       3,000.00           0.00           0.00 A
22345742 LUIS_42                   4555223400000042       3,000.00           0.00           0.00 A
22345743 LUIS_43                   4555223400000043       3,000.00           0.00           0.00 A
22345744 LUIS_44                   4555223400000044       3,000.00           0.00           0.00 A
22345745 LUIS_45                   4555223400000045       3,000.00           0.00           0.00 A
22345746 LUIS_46                   4555223400000046       3,000.00           0.00           0.00 A
22345747 LUIS_47                   4555223400000047       3,000.00           0.00           0.00 A
22345748 LUIS_48                   4555223400000048       3,000.00           0.00           0.00 A
22345749 LUIS_49                   4555223400000049       3,000.00           0.00           0.00 A
22345750 LUIS_50                   4555223400000050       3,000.00           0.00           0.00 A
22345751 LUIS_51                   4555223400000051       3,000.00           0.00           0.00 A
22345752 LUIS_52                   4555223400000052       3,000.00           0.00           0.00 A
22345753 LUIS_53                   4555223400000053       3,000.00           0.00           0.00 A
22345754 LUIS_54                   4555223400000054       3,000.00           0.00           0.00 A
22345755 LUIS_55                   4555223400000055       3,000.00           0.00           0.00 A
22345756 LUIS_56                   4555223400000056       3,000.00           0.00           0.00 A
22345757 LUIS_57                   4555223400000057       3,000.00           0.00           0.00 A
22345758 LUIS_58                   4555223400000058       3,000.00           0.00           0.00 A
22345759 LUIS_59                   4555223400000059       3,000.00           0.00           0.00 A
22345760 LUIS_60                   4555223400000060       3,000.00           0.00           0.00 A
22345761 LUIS_61                   4555223400000061       3,000.00           0.00           0.00 A
22345762 LUIS_62                   4555223400000062       3,000.00           0.00           0.00 A
22345763 LUIS_63                   4555223400000063       3,000.00           0.00           0.00 A
22345764 LUIS_64                   4555223400000064       3,000.00           0.00           0.00 A
22345765 LUIS_65                   4555223400000065       3,000.00           0.00           0.00 A
22345766 LUIS_66                   4555223400000066       3,000.00           0.00           0.00 A
22345767 LUIS_67                   4555223400000067       3,000.00           0.00           0.00 A
22345768 LUIS_68                   4555223400000068       3,000.00           0.00           0.00 A
22345769 LUIS_69                   4555223400000069       3,000.00           0.00           0.00 A
22345770 LUIS_70                   4555223400000070       3,000.00           0.00           0.00 A
22345771 LUIS_71                   4555223400000071       3,000.00           0.00           0.00 A
22345772 LUIS_72                   4555223400000072       3,000.00           0.00           0.00 A
22345773 LUIS_73                   4555223400000073       3,000.00           0.00           0.00 A
22345774 LUIS_74                   4555223400000074       3,000.00           0.00           0.00 A
22345775 LUIS_75                   4555223400000075       3,000.00           0.00           0.00 A
22345776 LUIS_76                   4555223400000076       3,000.00           0.00           0.00 A
22345777 LUIS_77                   4555223400000077       3,000.00           0.00           0.00 A
22345778 LUIS_78                   4555223400000078       3,000.00           0.00           0.00 A
22345779 LUIS_79                   4555223400000079       3,000.00           0.00           0.00 A
22345780 LUIS_80                   4555223400000080       3,000.00           0.00           0.00 A
22345781 LUIS_81                   4555223400000081       3,000.00           0.00           0.00 A
22345782 LUIS_82                   4555223400000082       3,000.00           0.00           0.00 A
22345783 LUIS_83                   4555223400000083       3,000.00           0.00           0.00 A
22345784 LUIS_84                   4555223400000084       3,000.00           0.00           0.00 A
22345785 LUIS_85                   4555223400000085       3,000.00           0.00           0.00 A
22345786 LUIS_86                   4555223400000086       3,000.00           0.00           0.00 A
22345787 LUIS_87                   4555223400000087       3,000.00           0.00           0.00 A
22345788 LUIS_88                   4555223400000088       3,000.00           0.00           0.00 A
22345789 LUIS_89                   4555223400000089       3,000.00           0.00           0.00 A
22345790 LUIS_90                   4555223400000090       3,000.00           0.00           0.00 A
22345791 LUIS_91                   4555223400000091       3,000.00           0.00           0.00 A
22345792 LUIS_92                   4555223400000092       3,000.00           0.00           0.00 A
22345793 LUIS_93                   4555223400000093       3,000.00           0.00           0.00 A
22345794 LUIS_94                   4555223400000094       3,000.00           0.00           0.00 A
22345795 LUIS_95                   4555223400000095       3,000.00           0.00           0.00 A
22345796 LUIS_96                   4555223400000096       3,000.00           0.00           0.00 A
22345797 LUIS_97                   4555223400000097       3,000.00           0.00           0.00 A
22345798 LUIS_98                   4555223400000098       3,000.00           0.00           0.00 A
22345799 LUIS_99                   4555223400000099       3,000.00           0.00           0.00 A
22345800 LUIS_100                  4555223400000100       3,000.00           0.00           0.00 A
22346001 LORENZO_1                 4555333300000001       4,000.00           0.00           0.00 A
22346002 LORENZO_2                 4555333300000002       4,000.00           0.00           0.00 A
22346003 LORENZO_3                 4555333300000003       4,000.00           0.00           0.00 A
22346004 LORENZO_4                 4555333300000004       4,000.00           0.00           0.00 A
22346005 LORENZO_5                 4555333300000005       4,000.00           0.00           0.00 A
22346006 LORENZO_6                 4555333300000006       4,000.00           0.00           0.00 A
22346007 LORENZO_7                 4555333300000007       4,000.00           0.00           0.00 A
22346008 LORENZO_8                 4555333300000008       4,000.00           0.00           0.00 A
22346009 LORENZO_9                 4555333300000009       4,000.00           0.00           0.00 A
22346010 LORENZO_10                4555333300000010       4,000.00           0.00           0.00 A
22346011 LORENZO_11                4555333300000011       4,000.00           0.00           0.00 A
22346012 LORENZO_12                4555333300000012       4,000.00           0.00           0.00 A
22346013 LORENZO_13                4555333300000013       4,000.00           0.00           0.00 A
22346014 LORENZO_14                4555333300000014       4,000.00           0.00           0.00 A
22346015 LORENZO_15                4555333300000015       4,000.00           0.00           0.00 A
22346016 LORENZO_16                4555333300000016       4,000.00           0.00           0.00 A
22346017 LORENZO_17                4555333300000017       4,000.00           0.00           0.00 A
22346018 LORENZO_18                4555333300000018       4,000.00           0.00           0.00 A
22346019 LORENZO_19                4555333300000019       4,000.00           0.00           0.00 A
22346020 LORENZO_20                4555333300000020       4,000.00           0.00           0.00 A
22346021 LORENZO_21                4555333300000021       4,000.00           0.00           0.00 A
22346022 LORENZO_22                4555333300000022       4,000.00           0.00           0.00 A
22346023 LORENZO_23                4555333300000023       4,000.00           0.00           0.00 A
22346024 LORENZO_24                4555333300000024       4,000.00           0.00           0.00 A
22346025 LORENZO_25                4555333300000025       4,000.00           0.00           0.00 A
22346026 LORENZO_26                4555333300000026       4,000.00           0.00           0.00 A
22346027 LORENZO_27                4555333300000027       4,000.00           0.00           0.00 A
22346028 LORENZO_28                4555333300000028       4,000.00           0.00           0.00 A
22346029 LORENZO_29                4555333300000029       4,000.00           0.00           0.00 A
22346030 LORENZO_30                4555333300000030       4,000.00           0.00           0.00 A
22346031 LORENZO_31                4555333300000031       4,000.00           0.00           0.00 A
22346032 LORENZO_32                4555333300000032       4,000.00           0.00           0.00 A
22346033 LORENZO_33                4555333300000033       4,000.00           0.00           0.00 A
22346034 LORENZO_34                4555333300000034       4,000.00           0.00           0.00 A
22346035 LORENZO_35                4555333300000035       4,000.00           0.00           0.00 A
22346036 LORENZO_36                4555333300000036       4,000.00           0.00           0.00 A
22346037 LORENZO_37                4555333300000037       4,000.00           0.00           0.00 A
22346038 LORENZO_38                4555333300000038       4,000.00           0.00           0.00 A
22346039 LORENZO_39                4555333300000039       4,000.00           0.00           0.00 A
22346040 LORENZO_40                4555333300000040       4,000.00           0.00           0.00 A
22346041 LORENZO_41                4555333300000041       4,000.00           0.00           0.00 A
22346042 LORENZO_42                4555333300000042       4,000.00           0.00           0.00 A
22346043 LORENZO_43                4555333300000043       4,000.00           0.00           0.00 A
22346044 LORENZO_44                4555333300000044       4,000.00           0.00           0.00 A
22346045 LORENZO_45                4555333300000045       4,000.00           0.00           0.00 A
22346046 LORENZO_46                4555333300000046       4,000.00           0.00           0.00 A
22346047 LORENZO_47                4555333300000047       4,000.00           0.00           0.00 A
22346048 LORENZO_48                4555333300000048       4,000.00           0.00           0.00 A
22346049 LORENZO_49                4555333300000049       4,000.00           0.00           0.00 A
22346050 LORENZO_50                4555333300000050       4,000.00           0.00           0.00 A
22346051 LORENZO_51                4555333300000051       4,000.00           0.00           0.00 A
22346052 LORENZO_52                4555333300000052       4,000.00           0.00           0.00 A
22346053 LORENZO_53                4555333300000053       4,000.00           0.00           0.00 A
22346054 LORENZO_54                4555333300000054       4,000.00           0.00           0.00 A
22346055 LORENZO_55                4555333300000055       4,000.00           0.00           0.00 A
22346056 LORENZO_56                4555333300000056       4,000.00           0.00           0.00 A
22346057 LORENZO_57                4555333300000057       4,000.00           0.00           0.00 A
22346058 LORENZO_58                4555333300000058       4,000.00           0.00           0.00 A
22346059 LORENZO_59                4555333300000059       4,000.00           0.00           0.00 A
22346060 LORENZO_60                4555333300000060       4,000.00           0.00           0.00 A
22346061 LORENZO_61                4555333300000061       4,000.00           0.00           0.00 A
22346062 LORENZO_62                4555333300000062       4,000.00           0.00           0.00 A
22346063 LORENZO_63                4555333300000063       4,000.00           0.00           0.00 A
22346064 LORENZO_64                4555333300000064       4,000.00           0.00           0.00 A
22346065 LORENZO_65                4555333300000065       4,000.00           0.00           0.00 A
22346066 LORENZO_66                4555333300000066       4,000.00           0.00           0.00 A
22346067 LORENZO_67                4555333300000067       4,000.00           0.00           0.00 A
22346068 LORENZO_68                4555333300000068       4,000.00           0.00           0.00 A
22346069 LORENZO_69                4555333300000069       4,000.00           0.00           0.00 A
22346070 LORENZO_70                4555333300000070       4,000.00           0.00           0.00 A
22346071 LORENZO_71                4555333300000071       4,000.00           0.00           0.00 A
22346072 LORENZO_72                4555333300000072       4,000.00           0.00           0.00 A
22346073 LORENZO_73                4555333300000073       4,000.00           0.00           0.00 A
22346074 LORENZO_74                4555333300000074       4,000.00           0.00           0.00 A
22346075 LORENZO_75                4555333300000075       4,000.00           0.00           0.00 A
22346076 LORENZO_76                4555333300000076       4,000.00           0.00           0.00 A
22346077 LORENZO_77                4555333300000077       4,000.00           0.00           0.00 A
22346078 LORENZO_78                4555333300000078       4,000.00           0.00           0.00 A
22346079 LORENZO_79                4555333300000079       4,000.00           0.00           0.00 A
22346080 LORENZO_80                4555333300000080       4,000.00           0.00           0.00 A
22346081 LORENZO_81                4555333300000081       4,000.00           0.00           0.00 A
22346082 LORENZO_82                4555333300000082       4,000.00           0.00           0.00 A
22346083 LORENZO_83                4555333300000083       4,000.00           0.00           0.00 A
22346084 LORENZO_84                4555333300000084       4,000.00           0.00           0.00 A
22346085 LORENZO_85                4555333300000085       4,000.00           0.00           0.00 A
22346086 LORENZO_86                4555333300000086       4,000.00           0.00           0.00 A
22346087 LORENZO_87                4555333300000087       4,000.00           0.00           0.00 A
22346088 LORENZO_88                4555333300000088       4,000.00           0.00           0.00 A
22346089 LORENZO_89                4555333300000089       4,000.00           0.00           0.00 A
22346090 LORENZO_90                4555333300000090       4,000.00           0.00           0.00 A
22346091 LORENZO_91                4555333300000091       4,000.00           0.00           0.00 A
22346092 LORENZO_92                4555333300000092       4,000.00           0.00           0.00 A
22346093 LORENZO_93                4555333300000093       4,000.00           0.00           0.00 A
22346094 LORENZO_94                4555333300000094       4,000.00           0.00           0.00 A
22346095 LORENZO_95                4555333300000095       4,000.00           0.00           0.00 A
22346096 LORENZO_96                4555333300000096       4,000.00           0.00           0.00 A
22346097 LORENZO_97                4555333300000097       4,000.00           0.00           0.00 A
22346098 LORENZO_98                4555333300000098       4,000.00           0.00           0.00 A
22346099 LORENZO_99                4555333300000099       4,000.00           0.00           0.00 A
22346100 LORENZO_100               4555333300000100       4,000.00           0.00           0.00 A
22346103 Fabian                    4555223461034431       1,000.00           0.00           0.00 A
22346111 Patricio                  4555223461113031       1,000.00           0.00           0.00 A
------------------------------------------------------------------------------------------------------------------------------------
  TOTAL TARJETAS: 000202  ACUMULADO TOTAL: 000000000000
